# Made in Blockbench 4.10.4
mtllib sub.mtl

o headwear
v 0.1758001454852528 1.7011463870260588 -0.09646932473391179
v 0.3012556797408519 1.6523078370572346 -0.6426212769977346
v 0.21287005194989783 1.1429192064913751 -0.03803571328467559
v 0.338325586205497 1.094080656522551 -0.5841876655484985
v -0.24582107991847107 1.6032827317616771 -0.7639052746702011
v -0.37127661417407026 1.6521212817305013 -0.21775332240637818
v -0.20875117345382604 1.0450555512269935 -0.7054716632209648
v -0.33420670770942523 1.0938941011958176 -0.15931971095714192
vt 0.625 0.875
vt 0.75 0.875
vt 0.75 0.75
vt 0.625 0.75
vt 0.5 0.875
vt 0.625 0.875
vt 0.625 0.75
vt 0.5 0.75
vt 0.875 0.875
vt 1 0.875
vt 1 0.75
vt 0.875 0.75
vt 0.75 0.875
vt 0.875 0.875
vt 0.875 0.75
vt 0.75 0.75
vt 0.75 0.875
vt 0.625 0.875
vt 0.625 1
vt 0.75 1
vt 0.875 1
vt 0.75 1
vt 0.75 0.875
vt 0.875 0.875
vn 0.22303206089884295 -0.08682408883346489 -0.9709368040245738
vn 0.9725809060610188 0.08715574274765801 0.21561599586216243
vn -0.22303206089884295 0.08682408883346489 0.9709368040245738
vn -0.9725809060610188 -0.08715574274765801 -0.21561599586216243
vn -0.06590205593714671 0.9924038765061041 -0.10388197590975326
vn 0.06590205593714671 -0.9924038765061041 0.10388197590975326
usemtl m_711baa8b-e285-70ee-fc17-d4397ecf5eae
f 4/4/1 7/3/1 5/2/1 2/1/1
f 3/8/2 4/7/2 2/6/2 1/5/2
f 8/12/3 3/11/3 1/10/3 6/9/3
f 7/16/4 8/15/4 6/14/4 5/13/4
f 6/20/5 1/19/5 2/18/5 5/17/5
f 7/24/6 4/23/6 3/22/6 8/21/6
o head
v 0.15443618332197062 1.6646968961483326 -0.1303027879831925
v 0.2659522137713921 1.6212848517316 -0.6157711899954794
v 0.18738721129054392 1.1684949578952808 -0.07836180002831594
v 0.2989032417399654 1.1250829134785483 -0.563830202040603
v -0.22033823925911722 1.5777069803577715 -0.7235791879265607
v -0.3318542697085387 1.621119024774504 -0.2381107859142737
v -0.18738721129054392 1.0815050421047192 -0.6716381999716841
v -0.2989032417399654 1.1249170865214517 -0.18616979795939714
vt 0.125 0.875
vt 0.25 0.875
vt 0.25 0.75
vt 0.125 0.75
vt 0 0.875
vt 0.125 0.875
vt 0.125 0.75
vt 0 0.75
vt 0.375 0.875
vt 0.5 0.875
vt 0.5 0.75
vt 0.375 0.75
vt 0.25 0.875
vt 0.375 0.875
vt 0.375 0.75
vt 0.25 0.75
vt 0.25 0.875
vt 0.125 0.875
vt 0.125 1
vt 0.25 1
vt 0.375 1
vt 0.25 1
vt 0.25 0.875
vt 0.375 0.875
vn 0.22303206089884295 -0.08682408883346489 -0.9709368040245738
vn 0.9725809060610188 0.08715574274765801 0.21561599586216243
vn -0.22303206089884295 0.08682408883346489 0.9709368040245738
vn -0.9725809060610188 -0.08715574274765801 -0.21561599586216243
vn -0.06590205593714671 0.9924038765061041 -0.10388197590975326
vn 0.06590205593714671 -0.9924038765061041 0.10388197590975326
usemtl m_711baa8b-e285-70ee-fc17-d4397ecf5eae
f 12/28/7 15/27/7 13/26/7 10/25/7
f 11/32/8 12/31/8 10/30/8 9/29/8
f 16/36/9 11/35/9 9/34/9 14/33/9
f 15/40/10 16/39/10 14/38/10 13/37/10
f 14/44/11 9/43/11 10/42/11 13/41/11
f 15/48/12 12/47/12 11/46/12 16/45/12
o jacket
v 0.265625 1.265625 -0.390625
v 0.265625 0.984375 -0.390625
v 0.265625 1.2656249999999998 0.390625
v 0.265625 0.9843749999999998 0.390625
v -0.265625 0.984375 -0.390625
v -0.265625 1.265625 -0.390625
v -0.265625 0.9843749999999998 0.390625
v -0.265625 1.2656249999999998 0.390625
vt 0.3125 0.4375
vt 0.4375 0.4375
vt 0.4375 0.25
vt 0.3125 0.25
vt 0.25 0.4375
vt 0.3125 0.4375
vt 0.3125 0.25
vt 0.25 0.25
vt 0.5 0.4375
vt 0.625 0.4375
vt 0.625 0.25
vt 0.5 0.25
vt 0.4375 0.4375
vt 0.5 0.4375
vt 0.5 0.25
vt 0.4375 0.25
vt 0.4375 0.4375
vt 0.3125 0.4375
vt 0.3125 0.5
vt 0.4375 0.5
vt 0.5625 0.5
vt 0.4375 0.5
vt 0.4375 0.4375
vt 0.5625 0.4375
vn 0 -1 -2.220446049250313e-16
vn 1 0 0
vn 0 1 2.220446049250313e-16
vn -1 0 0
vn 0 2.220446049250313e-16 -1
vn 0 -2.220446049250313e-16 1
usemtl m_711baa8b-e285-70ee-fc17-d4397ecf5eae
f 20/52/13 23/51/13 21/50/13 18/49/13
f 19/56/14 20/55/14 18/54/14 17/53/14
f 24/60/15 19/59/15 17/58/15 22/57/15
f 23/64/16 24/63/16 22/62/16 21/61/16
f 22/68/17 17/67/17 18/66/17 21/65/17
f 23/72/18 20/71/18 19/70/18 24/69/18
o body
v 0.25 1.25 -0.375
v 0.25 1 -0.375
v 0.25 1.2499999999999998 0.375
v 0.25 0.9999999999999998 0.375
v -0.25 1 -0.375
v -0.25 1.25 -0.375
v -0.25 0.9999999999999998 0.375
v -0.25 1.2499999999999998 0.375
vt 0.3125 0.6875
vt 0.4375 0.6875
vt 0.4375 0.5
vt 0.3125 0.5
vt 0.25 0.6875
vt 0.3125 0.6875
vt 0.3125 0.5
vt 0.25 0.5
vt 0.5 0.6875
vt 0.625 0.6875
vt 0.625 0.5
vt 0.5 0.5
vt 0.4375 0.6875
vt 0.5 0.6875
vt 0.5 0.5
vt 0.4375 0.5
vt 0.4375 0.6875
vt 0.3125 0.6875
vt 0.3125 0.75
vt 0.4375 0.75
vt 0.5625 0.75
vt 0.4375 0.75
vt 0.4375 0.6875
vt 0.5625 0.6875
vn 0 -1 -2.220446049250313e-16
vn 1 0 0
vn 0 1 2.220446049250313e-16
vn -1 0 0
vn 0 2.220446049250313e-16 -1
vn 0 -2.220446049250313e-16 1
usemtl m_711baa8b-e285-70ee-fc17-d4397ecf5eae
f 28/76/19 31/75/19 29/74/19 26/73/19
f 27/80/20 28/79/20 26/78/20 25/77/20
f 32/84/21 27/83/21 25/82/21 30/81/21
f 31/88/22 32/87/22 30/86/22 29/85/22
f 30/92/23 25/91/23 26/90/23 29/89/23
f 31/96/24 28/95/24 27/94/24 32/93/24
o right_sleeve
v 0.5188394346467318 1.1941904542524986 -0.171875
v 0.5188394346467318 1.1941904542524986 -0.453125
v 0.484761788267563 0.4136840311416724 -0.171875
v 0.484761788267563 0.4136840311416724 -0.453125
v 0.2378571223268342 1.2064584069489994 -0.453125
v 0.2378571223268342 1.2064584069489994 -0.171875
v 0.20377947594766543 0.4259519838381731 -0.453125
v 0.20377947594766543 0.4259519838381731 -0.171875
vt 0.6875 0.4375
vt 0.75 0.4375
vt 0.75 0.25
vt 0.6875 0.25
vt 0.625 0.4375
vt 0.6875 0.4375
vt 0.6875 0.25
vt 0.625 0.25
vt 0.8125 0.4375
vt 0.875 0.4375
vt 0.875 0.25
vt 0.8125 0.25
vt 0.75 0.4375
vt 0.8125 0.4375
vt 0.8125 0.25
vt 0.75 0.25
vt 0.75 0.4375
vt 0.6875 0.4375
vt 0.6875 0.5
vt 0.75 0.5
vt 0.8125 0.5
vt 0.75 0.5
vt 0.75 0.4375
vt 0.8125 0.4375
vn -9.685449634607933e-18 2.1133726283254758e-19 -1
vn 0.9990482215818579 -0.043619387365336 -6.932289614443712e-18
vn 9.685449634607933e-18 -2.1133726283254758e-19 1
vn -0.9990482215818579 0.043619387365336 6.932289614443712e-18
vn 0.04361938736533599 0.9990482215818578 -3.026703010814979e-19
vn -0.04361938736533599 -0.9990482215818578 3.026703010814979e-19
usemtl m_711baa8b-e285-70ee-fc17-d4397ecf5eae
f 36/100/25 39/99/25 37/98/25 34/97/25
f 35/104/26 36/103/26 34/102/26 33/101/26
f 40/108/27 35/107/27 33/106/27 38/105/27
f 39/112/28 40/111/28 38/110/28 37/109/28
f 38/116/29 33/115/29 34/114/29 37/113/29
f 39/120/30 36/119/30 35/118/30 40/117/30
o right_arm
v 0.5025477532569318 1.1792618787178655 -0.1875
v 0.5025477532569318 1.1792618787178655 -0.4375
v 0.4698332127329299 0.42997571253147226 -0.1875
v 0.4698332127329299 0.42997571253147226 -0.4375
v 0.2527856978614673 1.1901667255591994 -0.4375
v 0.2527856978614673 1.1901667255591994 -0.1875
v 0.2200711573374654 0.44088055937280624 -0.4375
v 0.2200711573374654 0.44088055937280624 -0.1875
vt 0.6875 0.6875
vt 0.75 0.6875
vt 0.75 0.5
vt 0.6875 0.5
vt 0.625 0.6875
vt 0.6875 0.6875
vt 0.6875 0.5
vt 0.625 0.5
vt 0.8125 0.6875
vt 0.875 0.6875
vt 0.875 0.5
vt 0.8125 0.5
vt 0.75 0.6875
vt 0.8125 0.6875
vt 0.8125 0.5
vt 0.75 0.5
vt 0.75 0.6875
vt 0.6875 0.6875
vt 0.6875 0.75
vt 0.75 0.75
vt 0.8125 0.75
vt 0.75 0.75
vt 0.75 0.6875
vt 0.8125 0.6875
vn -9.685449634607933e-18 2.1133726283254758e-19 -1
vn 0.9990482215818579 -0.043619387365336 -6.932289614443712e-18
vn 9.685449634607933e-18 -2.1133726283254758e-19 1
vn -0.9990482215818579 0.043619387365336 6.932289614443712e-18
vn 0.04361938736533599 0.9990482215818578 -3.026703010814979e-19
vn -0.04361938736533599 -0.9990482215818578 3.026703010814979e-19
usemtl m_711baa8b-e285-70ee-fc17-d4397ecf5eae
f 44/124/31 47/123/31 45/122/31 42/121/31
f 43/128/32 44/127/32 42/126/32 41/125/32
f 48/132/33 43/131/33 41/130/33 46/129/33
f 47/136/34 48/135/34 46/134/34 45/133/34
f 46/140/35 41/139/35 42/138/35 45/137/35
f 47/144/36 44/143/36 43/142/36 48/141/36
o left_sleeve
v -0.23998847252582883 1.2416368036945307 -0.109375
v -0.23998847252582883 1.2416368036945307 -0.390625
v -0.20591082614666006 0.46113038058370437 -0.109375
v -0.20591082614666006 0.46113038058370437 -0.390625
v -0.5209707848457263 1.2293688509980298 -0.390625
v -0.5209707848457263 1.2293688509980298 -0.109375
v -0.4868931384665575 0.44886242788720365 -0.390625
v -0.4868931384665575 0.44886242788720365 -0.109375
vt 0.8125 0.1875
vt 0.875 0.1875
vt 0.875 0
vt 0.8125 0
vt 0.75 0.1875
vt 0.8125 0.1875
vt 0.8125 0
vt 0.75 0
vt 0.9375 0.1875
vt 1 0.1875
vt 1 0
vt 0.9375 0
vt 0.875 0.1875
vt 0.9375 0.1875
vt 0.9375 0
vt 0.875 0
vt 0.875 0.1875
vt 0.8125 0.1875
vt 0.8125 0.25
vt 0.875 0.25
vt 0.9375 0.25
vt 0.875 0.25
vt 0.875 0.1875
vt 0.9375 0.1875
vn 9.685449634607933e-18 2.1133726283254758e-19 -1
vn 0.9990482215818579 0.043619387365336 6.932289614443712e-18
vn -9.685449634607933e-18 -2.1133726283254758e-19 1
vn -0.9990482215818579 -0.043619387365336 -6.932289614443712e-18
vn -0.04361938736533599 0.9990482215818578 -3.026703010814979e-19
vn 0.04361938736533599 -0.9990482215818578 3.026703010814979e-19
usemtl m_711baa8b-e285-70ee-fc17-d4397ecf5eae
f 52/148/37 55/147/37 53/146/37 50/145/37
f 51/152/38 52/151/38 50/150/38 49/149/38
f 56/156/39 51/155/39 49/154/39 54/153/39
f 55/160/40 56/159/40 54/158/40 53/157/40
f 54/164/41 49/163/41 50/162/41 53/161/41
f 55/168/42 52/167/42 51/166/42 56/165/42
o left_arm
v -0.25491704806046195 1.2253451223047307 -0.125
v -0.25491704806046195 1.2253451223047307 -0.375
v -0.22220250753645998 0.4760589561183375 -0.125
v -0.22220250753645998 0.4760589561183375 -0.375
v -0.5046791034559264 1.2144402754633967 -0.375
v -0.5046791034559264 1.2144402754633967 -0.125
v -0.4719645629319244 0.4651541092770035 -0.375
v -0.4719645629319244 0.4651541092770035 -0.125
vt 0.5625 0.1875
vt 0.625 0.1875
vt 0.625 0
vt 0.5625 0
vt 0.5 0.1875
vt 0.5625 0.1875
vt 0.5625 0
vt 0.5 0
vt 0.6875 0.1875
vt 0.75 0.1875
vt 0.75 0
vt 0.6875 0
vt 0.625 0.1875
vt 0.6875 0.1875
vt 0.6875 0
vt 0.625 0
vt 0.625 0.1875
vt 0.5625 0.1875
vt 0.5625 0.25
vt 0.625 0.25
vt 0.6875 0.25
vt 0.625 0.25
vt 0.625 0.1875
vt 0.6875 0.1875
vn 9.685449634607933e-18 2.1133726283254758e-19 -1
vn 0.9990482215818579 0.043619387365336 6.932289614443712e-18
vn -9.685449634607933e-18 -2.1133726283254758e-19 1
vn -0.9990482215818579 -0.043619387365336 -6.932289614443712e-18
vn -0.04361938736533599 0.9990482215818578 -3.026703010814979e-19
vn 0.04361938736533599 -0.9990482215818578 3.026703010814979e-19
usemtl m_711baa8b-e285-70ee-fc17-d4397ecf5eae
f 60/172/43 63/171/43 61/170/43 58/169/43
f 59/176/44 60/175/44 58/174/44 57/173/44
f 64/180/45 59/179/45 57/178/45 62/177/45
f 63/184/46 64/183/46 62/182/46 61/181/46
f 62/188/47 57/187/47 58/186/47 61/185/47
f 63/192/48 60/191/48 59/190/48 64/189/48
o right_pants
v 0.2569772757443479 1.2082189405419603 0.515625
v 0.2569772757443479 1.2082189405419603 0.234375
v 0.39263991454663727 0.43883788350117303 0.515625
v 0.39263991454663727 0.43883788350117303 0.2343750000000001
v -0.019999904790335532 1.1593803905731361 0.234375
v -0.019999904790335532 1.1593803905731361 0.515625
v 0.11566273401195382 0.38999933353234884 0.2343750000000001
v 0.11566273401195382 0.38999933353234884 0.515625
vt 0.0625 0.4375
vt 0.125 0.4375
vt 0.125 0.25
vt 0.0625 0.25
vt 0 0.4375
vt 0.0625 0.4375
vt 0.0625 0.25
vt 0 0.25
vt 0.1875 0.4375
vt 0.25 0.4375
vt 0.25 0.25
vt 0.1875 0.25
vt 0.125 0.4375
vt 0.1875 0.4375
vt 0.1875 0.25
vt 0.125 0.25
vt 0.125 0.4375
vt 0.0625 0.4375
vt 0.0625 0.5
vt 0.125 0.5
vt 0.1875 0.5
vt 0.125 0.5
vt 0.125 0.4375
vt 0.1875 0.4375
vn 5.78364615090078e-17 -1.0596226774202407e-16 -1
vn 0.9848077530122081 0.1736481776669304 8.055085552585338e-18
vn -5.78364615090078e-17 1.0596226774202407e-16 1
vn -0.9848077530122081 -0.1736481776669304 -8.055085552585338e-18
vn -0.17364817766693036 0.984807753012208 -1.141553293481025e-16
vn 0.17364817766693036 -0.984807753012208 1.141553293481025e-16
usemtl m_711baa8b-e285-70ee-fc17-d4397ecf5eae
f 68/196/49 71/195/49 69/194/49 66/193/49
f 67/200/50 68/199/50 66/198/50 65/197/50
f 72/204/51 67/203/51 65/202/51 70/201/51
f 71/208/52 72/207/52 70/206/52 69/205/52
f 70/212/53 65/211/53 66/210/53 69/209/53
f 71/216/54 68/215/54 67/214/54 72/213/54
o right_leg
v 0.24430290737957794 1.1901180666250988 0.5
v 0.24430290737957794 1.1901180666250988 0.25
v 0.3745390406297757 0.4515122518659429 0.5
v 0.3745390406297757 0.4515122518659429 0.2500000000000002
v -0.0018990308734739836 1.1467060222083663 0.25
v -0.0018990308734739836 1.1467060222083663 0.5
v 0.1283371023767237 0.4081002074492104 0.2500000000000001
v 0.1283371023767237 0.4081002074492104 0.5
vt 0.0625 0.6875
vt 0.125 0.6875
vt 0.125 0.5
vt 0.0625 0.5
vt 0 0.6875
vt 0.0625 0.6875
vt 0.0625 0.5
vt 0 0.5
vt 0.1875 0.6875
vt 0.25 0.6875
vt 0.25 0.5
vt 0.1875 0.5
vt 0.125 0.6875
vt 0.1875 0.6875
vt 0.1875 0.5
vt 0.125 0.5
vt 0.125 0.6875
vt 0.0625 0.6875
vt 0.0625 0.75
vt 0.125 0.75
vt 0.1875 0.75
vt 0.125 0.75
vt 0.125 0.6875
vt 0.1875 0.6875
vn 5.78364615090078e-17 -1.0596226774202407e-16 -1
vn 0.9848077530122081 0.1736481776669304 8.055085552585338e-18
vn -5.78364615090078e-17 1.0596226774202407e-16 1
vn -0.9848077530122081 -0.1736481776669304 -8.055085552585338e-18
vn -0.17364817766693036 0.984807753012208 -1.141553293481025e-16
vn 0.17364817766693036 -0.984807753012208 1.141553293481025e-16
usemtl m_711baa8b-e285-70ee-fc17-d4397ecf5eae
f 76/220/55 79/219/55 77/218/55 74/217/55
f 75/224/56 76/223/56 74/222/56 73/221/56
f 80/228/57 75/227/57 73/226/57 78/225/57
f 79/232/58 80/231/58 78/230/58 77/229/58
f 78/236/59 73/235/59 74/234/59 77/233/59
f 79/240/60 76/239/60 75/238/60 80/237/60
o left_pants
v 0.019999904790335532 1.1593803905731361 0.515625
v 0.019999904790335532 1.1593803905731361 0.234375
v -0.11566273401195376 0.38999933353234884 0.515625
v -0.11566273401195382 0.38999933353234884 0.2343750000000001
v -0.2569772757443479 1.2082189405419603 0.234375
v -0.2569772757443479 1.2082189405419603 0.515625
v -0.39263991454663727 0.43883788350117303 0.2343750000000001
v -0.39263991454663727 0.43883788350117303 0.515625
vt 0.0625 0.1875
vt 0.125 0.1875
vt 0.125 0
vt 0.0625 0
vt 0 0.1875
vt 0.0625 0.1875
vt 0.0625 0
vt 0 0
vt 0.1875 0.1875
vt 0.25 0.1875
vt 0.25 0
vt 0.1875 0
vt 0.125 0.1875
vt 0.1875 0.1875
vt 0.1875 0
vt 0.125 0
vt 0.125 0.1875
vt 0.0625 0.1875
vt 0.0625 0.25
vt 0.125 0.25
vt 0.1875 0.25
vt 0.125 0.25
vt 0.125 0.1875
vt 0.1875 0.1875
vn -5.78364615090078e-17 -1.0596226774202407e-16 -1
vn 0.9848077530122081 -0.1736481776669304 -8.055085552585338e-18
vn 5.78364615090078e-17 1.0596226774202407e-16 1
vn -0.9848077530122081 0.1736481776669304 8.055085552585338e-18
vn 0.17364817766693036 0.984807753012208 -1.141553293481025e-16
vn -0.17364817766693036 -0.984807753012208 1.141553293481025e-16
usemtl m_711baa8b-e285-70ee-fc17-d4397ecf5eae
f 84/244/61 87/243/61 85/242/61 82/241/61
f 83/248/62 84/247/62 82/246/62 81/245/62
f 88/252/63 83/251/63 81/250/63 86/249/63
f 87/256/64 88/255/64 86/254/64 85/253/64
f 86/260/65 81/259/65 82/258/65 85/257/65
f 87/264/66 84/263/66 83/262/66 88/261/66
o left_leg
v 0.0018990308734739836 1.1467060222083663 0.5
v 0.0018990308734739836 1.1467060222083663 0.25
v -0.12833710237672374 0.4081002074492104 0.5
v -0.12833710237672374 0.4081002074492104 0.2500000000000001
v -0.244302907379578 1.1901180666250988 0.25
v -0.244302907379578 1.1901180666250988 0.5
v -0.3745390406297757 0.4515122518659429 0.2500000000000002
v -0.3745390406297757 0.4515122518659429 0.5
vt 0.3125 0.1875
vt 0.375 0.1875
vt 0.375 0
vt 0.3125 0
vt 0.25 0.1875
vt 0.3125 0.1875
vt 0.3125 0
vt 0.25 0
vt 0.4375 0.1875
vt 0.5 0.1875
vt 0.5 0
vt 0.4375 0
vt 0.375 0.1875
vt 0.4375 0.1875
vt 0.4375 0
vt 0.375 0
vt 0.375 0.1875
vt 0.3125 0.1875
vt 0.3125 0.25
vt 0.375 0.25
vt 0.4375 0.25
vt 0.375 0.25
vt 0.375 0.1875
vt 0.4375 0.1875
vn -5.78364615090078e-17 -1.0596226774202407e-16 -1
vn 0.9848077530122081 -0.1736481776669304 -8.055085552585338e-18
vn 5.78364615090078e-17 1.0596226774202407e-16 1
vn -0.9848077530122081 0.1736481776669304 8.055085552585338e-18
vn 0.17364817766693036 0.984807753012208 -1.141553293481025e-16
vn -0.17364817766693036 -0.984807753012208 1.141553293481025e-16
usemtl m_711baa8b-e285-70ee-fc17-d4397ecf5eae
f 92/268/67 95/267/67 93/266/67 90/265/67
f 91/272/68 92/271/68 90/270/68 89/269/68
f 96/276/69 91/275/69 89/274/69 94/273/69
f 95/280/70 96/279/70 94/278/70 93/277/70
f 94/284/71 89/283/71 90/282/71 93/281/71
f 95/288/72 92/287/72 91/286/72 96/285/72